1

0
0
0
0
0
0
0
0
0
0
0
0
0
197379
0
0
0
0
0
0
0
0
0
0
0
0
0
0
0
0
0
0
0
0
0
0
0
0
0
0
0
0
0
0
0
0
0
0
0
0
0
0
0
0
0
0
0
0
0
0
0
0
0
0
0
0
0
0
0
0
0
0
0
0
0
0
0
0
0
0
0
0
0
0
0
0
0
0
0
0
0
0
0
0
0
0
0
0
0
0
131586
8289918
3552822
0
0
0
0
0
0
0
0
460551
10263708
5526612
0
0
0
0
0
0
0
0
0
0
657930
16119285
13553358
131586
0
0
0
0
0
0
0
4802889
16777215
10000536
0
0
0
0
0
0
0
0
0
0
0
10790052
16579836
3355443
0
0
0
0
0
0
0
10855845
16645629
3881787
0
0
0
0
0
0
0
0
0
0
0
4276545
16711422
9342606
0
0
0
0
0
0
986895
15921906
13750737
263172
0
0
0
0
0
0
0
0
0
0
0
328965
14145495
14935011
2302755
1907997
1907997
1907997
1907997
1907997
7039851
16777215
7566195
0
0
0
0
0
0
0
0
0
0
0
0
0
7895160
16711422
16514043
16514043
16514043
16514043
16514043
16514043
16645629
16053492
1644825
0
0
0
0
0
0
0
0
0
0
0
0
0
1907997
16119285
14342874
7631988
7631988
7631988
7631988
9276813
16711422
11184810
0
0
0
0
0
0
0
0
0
0
0
0
0
0
0
11513775
16053492
1315860
0
0
0
7829367
16711422
4671303
0
0
0
0
0
0
0
0
0
0
0
0
0
0
0
5000268
16711422
7171437
0
0
197379
14013909
14606046
263172
0
0
0
0
0
0
0
0
0
0
0
0
0
0
0
460551
14671839
13619151
0
0
3947580
16645629
8355711
0
0
0
0
0
0
0
0
0
0
0
0
0
0
0
0
0
8553090
16645629
3552822
0
10263708
16514043
2039583
0
0
0
0
0
0
0
0
0
0
0
0
0
0
0
0
0
2302755
16448250
10000536
1052688
15592941
11974326
0
0
0
0
0
0
0
0
0
0
0
0
0
0
0
0
0
0
0
12237498
15395562
6381921
16711422
5460819
0
0
0
0
0
0
0
0
0
0
0
0
0
0
0
0
0
0
0
5658198
16711422
14803425
15000804
657930
0
0
0
0
0
0
0
0
0
0
0
0
0
0
0
0
0
0
0
526344
14606046
16777215
8355711
0
0
0
0
0
0
0
0
0
0
0
0
0
0
0
0
0
0
0
0
0
1184274
3223857
131586
0
0
0
0
0
0
0
0
0
0
0
0
0
0
0
0
0
0
0
0
0
0
0
0
0
0
0
0
0
0
0
0
0
0
0
0
0
0
0
0
0
0
0
0
0
0
0
0
0
0
0
0
0
0
0
0
0
0
0
0
0
0
0
0
0
0
0
0
0
0
0
0
0
0
0
0
0
0
0
0
0
0
0
0
65793
0
0
0
0
0
0
0
0
0
0
0
0
0
0
0
0
0
0
0
0
0
0

0
0
0
0
0
0
0
0
0
0
0
0
0
197379
0
0
0
0
0
0
0
0
0
0
0
0
0
0
0
0
0
0
0
0
0
0
0
0
0
0
0
0
0
0
0
0
0
0
0
0
0
0
0
0
0
0
0
0
0
0
0
0
0
0
0
0
0
0
0
0
0
0
0
0
0
0
0
0
0
0
0
0
0
0
0
0
0
0
0
0
0
0
0
0
0
0
0
0
0
0
131586
8289918
3552822
0
0
0
0
0
0
0
0
460551
10263708
5526612
0
0
0
0
0
0
0
0
0
0
657930
16119285
13553358
131586
0
0
0
0
0
0
0
4802889
16777215
10000536
0
0
0
0
0
0
0
0
0
0
0
10790052
16579836
3355443
0
0
0
0
0
0
0
10855845
16645629
3881787
0
0
0
0
0
0
0
0
0
0
0
4276545
16711422
9342606
0
0
0
0
0
0
986895
15921906
13750737
263172
0
0
0
0
0
0
0
0
0
0
0
328965
14145495
14935011
2302755
1907997
1907997
1907997
1907997
1907997
7039851
16777215
7566195
0
0
0
0
0
0
0
0
0
0
0
0
0
7895160
16711422
16514043
16514043
16514043
16514043
16514043
16514043
16645629
16053492
1644825
0
0
0
0
0
0
0
0
0
0
0
0
0
1907997
16119285
14342874
7631988
7631988
7631988
7631988
9276813
16711422
11184810
0
0
0
0
0
0
0
0
0
0
0
0
0
0
0
11513775
16053492
1315860
0
0
0
7829367
16711422
4671303
0
0
0
0
0
0
0
0
0
0
0
0
0
0
0
5000268
16711422
7171437
0
0
197379
14013909
14606046
263172
0
0
0
0
0
0
0
0
0
0
0
0
0
0
0
460551
14671839
13619151
0
0
3947580
16645629
8355711
0
0
0
0
0
0
0
0
0
0
0
0
0
0
0
0
0
8553090
16645629
3552822
0
10263708
16514043
2039583
0
0
0
0
0
0
0
0
0
0
0
0
0
0
0
0
0
2302755
16448250
10000536
1052688
15592941
11974326
0
0
0
0
0
0
0
0
0
0
0
0
0
0
0
0
0
0
0
12237498
15395562
6381921
16711422
5460819
0
0
0
0
0
0
0
0
0
0
0
0
0
0
0
0
0
0
0
5658198
16711422
14803425
15000804
657930
0
0
0
0
0
0
0
0
0
0
0
0
0
0
0
0
0
0
0
526344
14606046
16777215
8355711
0
0
0
0
0
0
0
0
0
0
0
0
0
0
0
0
0
0
0
0
0
1184274
3223857
131586
0
0
0
0
0
0
0
0
0
0
0
0
0
0
0
0
0
0
0
0
0
0
0
0
0
0
0
0
0
0
0
0
0
0
0
0
0
0
0
0
0
0
0
0
0
0
0
0
0
0
0
0
0
0
0
0
0
0
0
0
0
0
0
0
0
0
0
0
0
0
0
0
0
0
0
0
0
0
0
0
0
0
0
0
65793
0
0
0
0
0
0
0
0
0
0
0
0
0
0
0
0
0
0
0
0
0
0
-------------
TRAINING DATA
-------------
Line 1: number of training sets
For each training set i:
   Next lines contain the inputs for training set i, one in each line
   Following lines contain the outputs for training set i, one in each line