2.92066e-08
2.92046e-08
2.92095e-08
2.92107e-08
2.92027e-08
2.92066e-08
2.92036e-08
2.92175e-08
2.92111e-08
2.92121e-08
2.92152e-08
2.92033e-08
2.92036e-08
0.752682
2.92124e-08
2.92066e-08
2.92097e-08
2.92088e-08
2.92012e-08
2.9209e-08
2.92094e-08
2.92104e-08
2.92063e-08
2.92112e-08
2.92114e-08
2.92082e-08
2.92145e-08
2.9199e-08
2.92157e-08
2.92135e-08
2.92101e-08
2.92051e-08
2.92086e-08
2.92141e-08
2.92099e-08
2.92127e-08
2.92137e-08
2.92027e-08
2.92079e-08
2.92132e-08
2.92088e-08
2.9214e-08
2.92145e-08
2.92056e-08
2.92122e-08
2.92101e-08
2.92088e-08
2.92095e-08
2.92092e-08
2.91971e-08
2.921e-08
2.92108e-08
2.92034e-08
2.92007e-08
2.92157e-08
2.92066e-08
2.92188e-08
2.92047e-08
2.92044e-08
2.92076e-08
2.92066e-08
2.92079e-08
2.92055e-08
2.92089e-08
2.92075e-08
2.92171e-08
2.92071e-08
2.92077e-08
2.92051e-08
2.92147e-08
2.9201e-08
2.91998e-08
2.92113e-08
2.92087e-08
2.92167e-08
2.92118e-08
2.92096e-08
2.92073e-08
2.921e-08
2.92123e-08
2.92052e-08
2.92015e-08
2.92084e-08
2.92149e-08
2.92064e-08
2.9209e-08
2.92049e-08
2.92076e-08
2.9205e-08
2.92087e-08
2.92098e-08
2.92085e-08
2.9211e-08
2.9206e-08
2.92071e-08
2.92077e-08
2.92139e-08
2.92137e-08
2.92075e-08
2.92046e-08
0.00259399
1.67772e+07
0.425394
2.92036e-08
2.9204e-08
2.92096e-08
2.92035e-08
2.92136e-08
2.92115e-08
2.92135e-08
2.92061e-08
144569
1.67772e+07
0.00204049
2.9201e-08
2.92075e-08
2.92068e-08
2.92082e-08
2.92045e-08
2.9213e-08
2.92092e-08
2.9217e-08
2.92121e-08
2.92007e-08
78818.5
1.66231e+07
1.67771e+07
0.00259408
2.92043e-08
2.92098e-08
2.92099e-08
2.92071e-08
2.92102e-08
2.921e-08
2.92061e-08
0.00516898
1.67772e+07
1.67772e+07
2.92062e-08
2.92058e-08
2.9219e-08
2.92064e-08
2.92111e-08
2.92025e-08
2.92102e-08
2.92132e-08
2.92037e-08
2.92102e-08
2.92092e-08
1.67772e+07
1.67772e+07
4.17368
2.92074e-08
2.92152e-08
2.92097e-08
2.92145e-08
2.92084e-08
2.92032e-08
2.92122e-08
1.67772e+07
1.67772e+07
4.41459
2.92139e-08
2.92036e-08
2.92143e-08
2.92061e-08
2.92128e-08
2.92083e-08
2.9208e-08
2.92e-08
2.92082e-08
2.92187e-08
2.92041e-08
9.80683e-07
1.67772e+07
1.67772e+07
2.92115e-08
2.92047e-08
2.92094e-08
2.92159e-08
2.92107e-08
2.92045e-08
29588.6
1.66808e+07
1.67772e+07
214.002
2.92051e-08
2.92155e-08
2.92137e-08
2.92079e-08
2.9211e-08
2.92048e-08
2.92024e-08
2.92034e-08
2.92086e-08
2.92079e-08
2.92039e-08
41464.6
1.67772e+07
1.67746e+07
2728.33
2271.27
31.3282
1928.72
4722.09
454.153
2.11978e-09
1.67772e+07
0.13655
2.92074e-08
2.92092e-08
2.92125e-08
2.92146e-08
2.92137e-08
2.92083e-08
2.9196e-08
2.92152e-08
2.92039e-08
2.92131e-08
2.92126e-08
2.92172e-08
2.92149e-08
0.0721695
1.67772e+07
1.67772e+07
1.67772e+07
1.67772e+07
1.67772e+07
1.67772e+07
1.67772e+07
1.67772e+07
1.66456e+07
1582.87
2.92098e-08
2.91982e-08
2.92141e-08
2.92009e-08
2.92066e-08
2.92142e-08
2.92084e-08
2.92079e-08
2.92134e-08
2.92093e-08
2.92046e-08
2.92045e-08
2.92056e-08
1863.98
1.66231e+07
1.67766e+07
0.133221
0.133221
0.133221
0.133221
1.67772e+07
1.67772e+07
1.67772e+07
2.92135e-08
2.92111e-08
2.9208e-08
2.92076e-08
2.92094e-08
2.92065e-08
2.92092e-08
2.92151e-08
2.92122e-08
2.92147e-08
2.9208e-08
2.92067e-08
2.92071e-08
2.92089e-08
2.92041e-08
1.67772e+07
1.66456e+07
17553.8
2.92135e-08
2.92066e-08
2.92058e-08
0.087842
1.67772e+07
0.00290969
2.92119e-08
2.92118e-08
2.92084e-08
2.92166e-08
2.92067e-08
2.92108e-08
2.92073e-08
2.9194e-08
2.92055e-08
2.92133e-08
2.92123e-08
2.92192e-08
2.92048e-08
2.92084e-08
2.92055e-08
6.23885e-07
1.67772e+07
1.66095e-09
2.92071e-08
2.92108e-08
0.752789
1.67771e+07
1.67728e+07
214.042
2.9207e-08
2.92079e-08
2.9206e-08
2.92203e-08
2.92066e-08
2.92143e-08
2.92071e-08
2.92061e-08
2.92064e-08
2.92188e-08
2.92045e-08
2.92188e-08
2.92044e-08
2.92027e-08
2.92043e-08
144569
1.67762e+07
1.67772e+07
2.92123e-08
2.921e-08
0.0600738
1.67772e+07
1.67772e+07
2.92056e-08
2.92038e-08
2.92038e-08
2.92146e-08
2.92196e-08
2.92139e-08
2.9207e-08
2.92121e-08
2.9208e-08
2.9208e-08
2.92083e-08
2.92099e-08
2.92082e-08
2.92106e-08
2.92114e-08
2.92082e-08
2.92085e-08
1.67772e+07
1.67772e+07
0.117004
2.92137e-08
1.67772e+07
1.67772e+07
4517.62
2.92072e-08
2.92108e-08
2.92083e-08
2.92093e-08
2.92026e-08
2.92087e-08
2.92058e-08
2.92104e-08
2.91997e-08
2.92123e-08
2.92116e-08
2.92089e-08
2.92121e-08
2.92142e-08
2.92173e-08
2.9202e-08
2.92152e-08
962.91
1.6777e+07
1.67772e+07
24330.9
1.67323e+07
1.67772e+07
2.91991e-08
2.92148e-08
2.92161e-08
2.92112e-08
2.92063e-08
2.92068e-08
2.92035e-08
2.92129e-08
2.92054e-08
2.92118e-08
2.92086e-08
2.92029e-08
2.92134e-08
2.92023e-08
2.9207e-08
2.92159e-08
2.92039e-08
2.92157e-08
2.92018e-08
1.67772e+07
1.67488e+07
0.00241643
1.67772e+07
0.00830564
2.92081e-08
2.92076e-08
2.91971e-08
2.92136e-08
2.92107e-08
2.92117e-08
2.92089e-08
2.9211e-08
2.92003e-08
2.92057e-08
2.92139e-08
2.92135e-08
2.92045e-08
2.92036e-08
2.92062e-08
2.92046e-08
2.92099e-08
2.92109e-08
2.92124e-08
1.19353e-07
1.67772e+07
1.67748e+07
1.67736e+07
78818.5
2.91979e-08
2.92036e-08
2.92087e-08
2.92108e-08
2.92134e-08
2.92074e-08
2.92052e-08
2.9211e-08
2.92068e-08
2.92072e-08
2.92139e-08
2.92119e-08
2.92132e-08
2.921e-08
2.9197e-08
2.92076e-08
2.92039e-08
2.92115e-08
2.92047e-08
117783
1.67729e+07
1.67772e+07
1.67772e+07
2.92157e-08
2.92076e-08
2.92046e-08
2.92077e-08
2.92047e-08
2.92076e-08
2.92145e-08
2.92101e-08
2.92115e-08
2.92027e-08
2.92098e-08
2.92053e-08
2.92003e-08
2.92049e-08
2.92114e-08
2.92076e-08
2.92119e-08
2.9216e-08
2.92048e-08
2.92079e-08
2.92067e-08
16454.7
0.00967562
0.00259474
2.9211e-08
2.92012e-08
2.92147e-08
2.92121e-08
2.92039e-08
2.92194e-08
2.92068e-08
2.92143e-08
2.92096e-08
2.92032e-08
2.92135e-08
2.92104e-08
2.92087e-08
2.92038e-08
2.92173e-08
2.92102e-08
2.92059e-08
2.92058e-08
2.92051e-08
2.92053e-08
2.9213e-08
2.91999e-08
2.92129e-08
2.9213e-08
2.92054e-08
2.92053e-08
2.92075e-08
2.92063e-08
2.92105e-08
2.92183e-08
2.9213e-08
2.9207e-08
2.92133e-08
2.92068e-08
2.9204e-08
2.92142e-08
2.92148e-08
2.91994e-08
2.92057e-08
2.92136e-08
2.9205e-08
2.92163e-08
2.92144e-08
2.92132e-08
2.9197e-08
2.92052e-08
2.92076e-08
2.92074e-08
2.92109e-08
2.92042e-08
2.92054e-08
2.92069e-08
2.92053e-08
2.92085e-08
2.92039e-08
2.92122e-08
2.92022e-08
2.92068e-08
2.92162e-08
2.92096e-08
2.921e-08
2.92061e-08
2.92027e-08
2.92095e-08
2.92122e-08
2.92166e-08
2.92093e-08
2.92029e-08
2.92112e-08
2.92152e-08
2.9204e-08
2.92061e-08
2.92089e-08
2.92058e-08
2.92128e-08
2.92081e-08
2.92036e-08
2.92086e-08
2.92072e-08
2.92048e-08
2.92095e-08
2.92124e-08
2.91969e-08
2.92024e-08
8.78181e-06
2.92055e-08
2.92057e-08
2.92001e-08
2.92039e-08
2.92072e-08
2.92085e-08
2.92084e-08
2.92157e-08
2.92106e-08
2.92021e-08
2.9213e-08
2.92149e-08
2.92103e-08
2.9212e-08
2.92179e-08
2.92101e-08
2.92048e-08
2.92021e-08
2.92075e-08
2.92044e-08
2.92107e-08
2.92081e-08
