0
0
0
0
0
0
0
0
0
0
0
0
0
0
0
0
0
0
0
0
0
0
0
0
0
0
0
0
0
0
0
0
0
0
0
0
0
0
0
0
0
0
0
0
0
0
0
0
0
0
0
0
0
0
0
0
0
0
0
0
0
0
0
0
0
0
0
0
0
0
0
0
0
0
0
0
0
0
0
0
0
0
0
0
0
0
0
0
0
0
0
0
0
0
0
0
0
0
0
0
0
16777200
0
0
0
0
0
0
0
0
0
144569
16777200
0
0
0
0
0
0
0
0
0
0
0
78818
16623100
16777100
0
0
0
0
0
0
0
0
0
16777200
16777200
0
0
0
0
0
0
0
0
0
0
0
16777200
16777200
4
0
0
0
0
0
0
0
16777200
16777200
4
0
0
0
0
0
0
0
0
0
0
0
0
16777200
16777200
0
0
0
0
0
0
29588
16680800
16777200
214
0
0
0
0
0
0
0
0
0
0
0
41464
16777200
16774600
2728
2271
31
1928
4722
454
0
16777200
0
0
0
0
0
0
0
0
0
0
0
0
0
0
0
16777200
16777200
16777200
16777200
16777200
16777200
16777200
16777200
16645600
1582
0
0
0
0
0
0
0
0
0
0
0
0
0
1863
16623100
16776600
0
0
0
0
16777200
16777200
16777200
0
0
0
0
0
0
0
0
0
0
0
0
0
0
0
16777200
16645600
17553
0
0
0
0
16777200
0
0
0
0
0
0
0
0
0
0
0
0
0
0
0
0
0
16777200
0
0
0
0
16777100
16772800
214
0
0
0
0
0
0
0
0
0
0
0
0
0
0
0
144569
16776200
16777200
0
0
0
16777200
16777200
0
0
0
0
0
0
0
0
0
0
0
0
0
0
0
0
0
16777200
16777200
0
0
16777200
16777200
4517
0
0
0
0
0
0
0
0
0
0
0
0
0
0
0
0
0
962
16777000
16777200
24330
16732300
16777200
0
0
0
0
0
0
0
0
0
0
0
0
0
0
0
0
0
0
0
16777200
16748800
0
16777200
0
0
0
0
0
0
0
0
0
0
0
0
0
0
0
0
0
0
0
0
0
16777200
16774800
16773600
78818
0
0
0
0
0
0
0
0
0
0
0
0
0
0
0
0
0
0
0
117783
16772900
16777200
16777200
0
0
0
0
0
0
0
0
0
0
0
0
0
0
0
0
0
0
0
0
0
16454
0
0
0
0
0
0
0
0
0
0
0
0
0
0
0
0
0
0
0
0
0
0
0
0
0
0
0
0
0
0
0
0
0
0
0
0
0
0
0
0
0
0
0
0
0
0
0
0
0
0
0
0
0
0
0
0
0
0
0
0
0
0
0
0
0
0
0
0
0
0
0
0
0
0
0
0
0
0
0
0
0
0
0
0
0
0
0
0
0
0
0
0
0
0
0
0
0
0
0
0
0
0
0
0
0
0
0
0
0
